function xyzCoordinates = generateDestinations()
    xyzCoordinates = [0.5,2.5,0;
                      2.5,0.5,0;
                      4.5,2.5,0;
                      7.5,1.5,0;
                      9.5,0.5,0;
                      3.5,5.5,0;
                      9.5,5.5,0;
                      6.5,7.5,0;
                      0.5,9.5,0;
                      9.5,9.5,0;];
end

